image_width: 640
image_height: 480
camera_name: narrow_stereo/right
camera_matrix:
  rows: 3
  cols: 3
  data: [757.35078,   0.     , 278.60545,
           0.     , 752.24266, 241.25171,
           0.     ,   0.     ,   1.     ]
distortion_model: plumb_bob
distortion_coefficients:
  rows: 1
  cols: 5
  data: [0.226724, -0.602512, 0.004959, -0.030599, 0.000000]
rectification_matrix:
  rows: 3
  cols: 3
  data: [ 0.99348506,  0.06432433, -0.09407346,
         -0.06202439,  0.99770463,  0.02717433,
          0.0956055 , -0.02116244,  0.99519432]
projection_matrix:
  rows: 3
  cols: 4
  data: [ 936.08263,    0.     ,  306.11335, -234.79525,
            0.     ,  936.08263,  250.37296,    0.     ,
            0.     ,    0.     ,    1.     ,    0.     ]
